11
0.010055
0.003581
0.007025
0.015152
0.007163
0.008953
0.011157
0.002342
0.007300
0.011846
0.011570
0.000000
0.013223
0.002755
0.004959
0.014601
0.003306
0.015702
0.005096
0.005923
0.005510
0.005647
0.005234
0.014738
0.003168
0.014876
0.003719
0.007713
0.010744
0.001102
0.009504
0.009780
0.012397
0.015978
0.000275
0.013636
0.010882
0.002617
0.009366
0.014325
0.003030
0.010331
0.006198
0.011983
0.016253
0.002893
0.009091
0.015289
0.011433
0.008815
0.013085
0.013774
0.009229
0.013912
0.010193
0.005785
0.000551
0.008678
0.006612
0.003994
0.000413
0.012810
0.006887
0.016391
0.004270
0.004683
0.012534
0.009642
0.015565
0.002479
0.012259
0.008540
0.007851
0.001791
0.010468
0.008402
0.005372
0.011019
0.006061
0.003444
0.002204
0.016529
0.008127
0.011708
0.000964
0.003857
0.007576
0.004408
0.007438
0.011295
0.015427
0.004545
0.006336
0.012948
0.013499
0.002066
0.001515
0.001653
0.012121
0.006749
0.014463
0.014050
0.007989
0.012672
0.009917
0.008264
0.001377
0.004821
0.006474
0.016116
0.015014
0.000689
0.004132
0.000138
0.013361
0.000826
0.015840
0.001928
0.014187
0.001240
0.010606
