30
0.000284
0.001206
0.000870
0.001278
0.001896
0.001048
0.000007
0.001325
0.000519
0.001409
0.001990
0.001542
0.001656
0.001169
0.000064
0.000662
0.001518
0.001822
0.001159
0.000766
0.000522
0.000074
0.001720
0.000531
0.000163
0.000141
0.000311
0.001973
0.000670
0.000887
0.001476
0.001154
0.000415
0.000346
0.000667
0.000094
0.000984
0.001795
0.000319
0.001706
0.000573
0.000509
0.001041
0.000717
0.000858
0.002099
0.001879
0.000005
0.001036
0.001908
0.001058
0.001018
0.001060
0.001439
0.000230
0.001140
0.001864
0.000052
0.000927
0.000294
0.001184
0.000116
0.001575
0.000272
0.001846
0.001995
0.000981
0.002131
0.000969
0.001285
0.000326
0.002089
0.000015
0.001261
0.000709
0.001861
0.002222
0.001187
0.001926
0.001745
0.000873
0.001510
0.001441
0.000161
0.001533
0.000111
0.000136
0.000781
0.001093
0.001402
0.001127
0.001772
0.000200
0.001421
0.000660
0.000460
0.001320
0.000665
0.000220
0.002027
0.000373
0.000428
0.001609
0.000625
0.000487
0.002081
0.000497
0.000017
0.000578
0.000571
0.000672
0.001125
0.000833
0.000133
0.000433
0.000222
0.000494
0.001654
0.000754
0.001360
0.001758
0.000289
0.000831
0.002215
0.000089
0.000623
0.001122
0.000655
0.002104
0.001256
0.001369
0.000227
0.000215
0.002076
0.000865
0.000648
0.001142
0.001938
0.001800
0.000690
0.000180
0.001043
0.000559
0.001280
0.002000
0.002178
0.002133
0.000986
0.000126
0.001626
0.001006
0.001318
0.001550
0.002143
0.001451
0.001110
0.000151
0.000242
0.002138
0.001545
0.001436
0.001931
0.001928
0.001641
0.000729
0.000569
0.000138
0.000959
0.001718
0.000405
0.001290
0.001688
0.002042
0.000942
0.000484
0.000452
0.000895
0.001453
0.001577
0.000761
0.002057
0.000158
0.001748
0.001560
0.000480
0.001515
0.001337
0.002010
0.000438
0.001898
0.000556
0.000910
0.001733
0.001271
0.001893
0.001137
0.000190
0.000462
0.000719
0.001980
0.000868
0.001063
0.001683
0.001021
0.001614
0.000658
0.000260
0.000549
0.000793
0.000635
0.000391
0.001933
0.001495
0.001814
0.001562
0.000769
0.001599
0.002190
0.001686
0.000351
0.001819
0.001196
0.000171
0.001053
0.000702
0.000786
0.000341
0.002017
0.001117
0.001780
0.000430
0.001659
0.000818
0.000774
0.000855
0.001713
0.000269
0.001812
0.002126
0.000806
0.000850
0.000974
0.000030
0.000262
0.000527
0.001157
0.000363
0.001777
0.001797
0.001723
0.000606
0.000047
0.000677
0.001268
0.000044
0.001011
0.001866
0.001824
0.002012
0.000759
0.001275
0.000551
0.000353
0.000304
0.000049
0.000121
0.001725
0.001834
0.001624
0.001214
0.001693
0.001978
0.001965
0.001582
0.001463
0.001051
0.001144
0.001552
0.001923
0.001525
0.000650
0.000321
0.000020
0.001350
0.001201
0.001711
0.001004
0.000586
0.000383
0.001809
0.001935
0.000756
0.001913
0.000685
0.000835
0.001219
0.001513
0.001570
0.000860
0.001622
0.001164
0.001434
0.001629
0.000455
0.001120
0.001115
0.001382
0.001646
0.001362
0.000897
0.000645
0.000934
0.001762
0.001992
0.001555
0.001760
0.001839
0.000331
0.002071
0.002091
0.000704
0.001046
0.000477
0.000472
0.002183
0.001107
0.002146
0.000400
0.001792
0.001273
0.000917
0.000129
0.000907
0.002220
0.000106
0.001095
0.001540
0.002200
0.002118
0.001982
0.001921
0.001523
0.001671
0.000722
0.001597
0.001968
0.000791
0.000675
0.002047
0.000235
0.001315
0.001444
0.000440
0.001698
0.000808
0.001500
0.002005
0.000247
0.000336
0.000643
0.000257
0.000732
0.001033
0.001945
0.001505
0.001016
0.001859
0.001073
0.001209
0.000601
0.001283
0.002032
0.000784
0.001266
0.000905
0.000976
0.001088
0.002123
0.001528
0.001332
0.001461
0.001854
0.000875
0.002064
0.001478
0.001520
0.002086
0.000255
0.000801
0.000279
0.001330
0.001013
0.000687
0.002106
0.001906
0.000282
0.001026
0.001691
0.001075
0.002148
0.000329
0.000890
0.001547
0.000210
0.000087
0.000798
0.001177
0.001987
0.002052
0.001567
0.001216
0.001486
0.000882
0.001098
0.000445
0.000381
0.000418
0.001617
0.000287
0.001162
0.000603
0.000514
0.001078
0.001300
0.000037
0.002160
0.001357
0.000218
0.001068
0.001340
0.000771
0.001664
0.001681
0.001634
0.002188
0.002039
0.000356
0.001352
0.000714
0.001258
0.001580
0.000119
0.001703
0.000902
0.002066
0.000131
0.000949
0.000403
0.000962
0.001891
0.002015
0.001790
0.002022
0.001639
0.001246
0.002163
0.001715
0.000554
0.001367
0.001080
0.001419
0.002198
0.000845
0.000302
0.002062
0.001491
0.000208
0.000954
0.001253
0.001431
0.002079
0.000069
0.000232
0.000900
0.000613
0.000146
0.001298
0.000947
0.000840
0.000779
0.000816
0.000143
0.002170
0.001070
0.001503
0.000524
0.000366
0.001765
0.000994
0.000316
0.001023
0.001221
0.000828
0.001844
0.000892
0.000922
0.000057
0.001310
0.001295
0.001644
0.000939
0.000957
0.001955
0.001565
0.000183
0.001305
0.000727
0.000967
0.002007
0.001849
0.000388
0.000022
0.000082
0.000482
0.000124
0.000410
0.001112
0.000156
0.000598
0.000539
0.000502
0.000245
0.000536
0.000371
0.001730
0.000633
0.000274
0.000457
0.001194
0.001377
0.000630
0.000339
0.000077
0.000059
0.001676
0.000012
0.001211
0.000203
0.000314
0.002024
0.000166
0.001997
0.000195
0.000838
0.000747
0.001740
0.000176
0.000489
0.000596
0.000999
0.000185
0.000309
0.001602
0.002084
0.002074
0.001473
0.000062
0.002141
0.002049
0.000344
0.000937
0.000193
0.001322
0.000566
0.000611
0.001948
0.001673
0.001886
0.000885
0.001728
0.001392
0.001960
0.001963
0.000010
0.001085
0.001903
0.001631
0.001785
0.000499
0.001466
0.002165
0.001787
0.000104
0.000173
0.001587
0.000178
0.001953
0.000576
0.002121
0.002155
0.002034
0.000803
0.001619
0.000737
0.001172
0.001557
0.001649
0.001572
0.000250
0.000764
0.001804
0.000054
0.001592
0.001416
0.001869
0.000591
0.001901
0.001802
0.001389
0.000618
0.001241
0.001842
0.001327
0.000929
0.001498
0.002136
0.001384
0.001584
0.001248
0.001102
0.000564
0.000237
0.001871
0.000712
0.000447
0.001372
0.001152
0.000751
0.000264
0.000032
0.001347
0.002020
0.001975
0.000638
0.000971
0.001661
0.000492
0.002128
0.000534
0.001231
0.001881
0.000734
0.000042
0.000517
0.001837
0.000880
0.002217
0.000465
0.001429
0.000299
0.001243
0.001364
0.001191
0.000640
0.001604
0.001229
0.002116
0.001856
0.000067
0.001263
0.001189
0.001918
0.001530
0.001001
0.001738
0.001471
0.000692
0.001233
0.001147
0.002054
0.000079
0.001735
0.001612
0.002202
0.001303
0.002044
0.002109
0.000277
0.001135
0.001399
0.000099
0.001701
0.000153
0.000853
0.001669
0.000546
0.001666
0.001387
0.000324
0.001167
0.000450
0.001414
0.001651
0.001884
0.000529
0.001985
0.001851
0.001767
0.000989
0.001488
0.001696
0.000912
0.001404
0.000297
0.000878
0.000398
0.001407
0.000615
0.001916
0.000225
0.000932
0.000823
0.001374
0.002029
0.001832
0.000504
0.000425
0.000386
0.001288
0.000378
0.001817
0.000653
0.000096
0.000583
0.000749
0.000361
0.000101
0.001508
0.000040
0.000252
0.001874
0.001342
0.002205
0.000848
0.001038
0.000843
0.000813
0.001251
0.001589
0.000739
0.001345
0.001456
0.001105
0.000920
0.000413
0.002037
0.001911
0.001483
0.000072
0.001293
0.000114
0.000620
0.001594
0.000608
0.002094
0.001449
0.002173
0.002151
0.002195
0.002193
0.000349
0.000148
0.001950
0.000826
0.000396
0.000292
0.001940
0.000027
0.001970
0.000507
0.001807
0.001335
0.000025
0.000035
0.000821
0.002111
0.002059
0.001226
0.002212
0.001100
0.001424
0.001750
0.000796
0.001009
0.000695
0.001238
0.000467
0.000776
0.000512
0.001958
0.000368
0.000541
0.001132
0.001055
0.000084
0.000198
0.001394
0.000742
0.000334
0.000408
0.000109
0.001379
0.002180
0.000470
0.000358
0.001538
0.000700
0.000240
0.002113
0.000944
0.001458
0.000724
0.000952
0.000588
0.002175
0.000680
0.000442
0.001493
0.001770
0.001065
0.000213
0.001090
0.001397
0.001028
0.001446
0.000593
0.000863
0.000811
0.001426
0.002069
0.001199
0.001678
0.000707
0.001411
0.002185
0.001889
0.001775
0.000789
0.000307
0.001182
0.002168
0.001468
0.000420
0.001204
0.000168
0.000475
0.001031
0.002002
0.001636
0.001308
0.001753
0.000991
0.002101
0.000924
0.000188
0.000376
0.000964
0.001708
0.001174
0.002207
0.001355
0.001782
0.001876
0.000744
0.000205
0.002153
0.002096
0.001179
0.001743
0.001827
0.000002
0.000561
0.000915
0.000979
0.000682
0.001149
0.000091
0.001130
0.001829
0.000435
0.001236
0.001313
0.002158
0.000996
0.001943
0.001481
0.000628
0.000697
0.000000
0.001755
0.002210
0.000544
0.000267
0.001083
0.000423
0.001535
0.000393
0.001224
0.001607
0.000581
